TOL,120055,40519,41.753422,-0.891713,0.10,221.23,298.30,322.80,32.43,977.72,33.11,304.62,83.38,173.75,-0.44,0.00,0.25,0.00,0.13,0.07,0,9,0,7.45,0,0
TOL,120056,40519,41.753422,-0.891713,0.07,252.95,298.30,322.65,32.44,977.74,33.12,304.62,83.38,173.75,0.19,0.12,-0.06,0.04,0.03,0.06,0,9,0,7.45,0,0
TOL,120057,40519,41.753422,-0.891715,0.08,276.10,298.40,322.50,32.45,977.76,33.12,304.62,83.38,173.75,0.25,0.06,0.00,-0.08,-0.01,0.04,0,9,0,7.45,0,0
TOL,120058,40519,41.753422,-0.891715,0.13,204.11,298.40,333.61,32.46,976.46,33.12,295.06,70.19,121.00,-58.12,-52.38,71.62,-3.63,2.72,30.33,0,9,0,7.45,0,0
TOL,120059,40519,41.753422,-0.891717,0.66,154.68,298.40,393.43,32.47,969.50,32.95,129.56,64.81,-111.25,-81.12,3.56,10.00,-1.19,1.66,25.62,0,8,0,7.44,0,0
TOL,120100,40519,41.753437,-0.891717,0.69,357.17,298.40,466.06,32.48,961.11,32.76,203.31,61.38,2.12,-120.44,3.94,-2.50,2.82,-4.03,-12.31,0,7,0,7.45,0,0
TOL,120101,40519,41.753517,-0.891745,8.69,343.60,298.60,540.76,32.48,952.54,32.63,315.00,52.12,138.25,-96.31,-1.69,4.75,6.87,4.74,-10.17,0,7,1,7.45,0,1
TOL,120102,40519,41.753517,-0.891745,8.69,343.60,298.60,633.41,32.50,942.00,32.53,105.19,49.50,-141.00,-68.12,14.19,2.81,-3.52,4.81,-9.20,0,7,1,7.44,0,1
TOL,120103,40519,41.753517,-0.891745,8.69,343.60,298.60,676.59,32.50,937.12,32.51,172.25,45.88,-73.19,-69.25,0.88,-7.31,-7.43,-3.00,-8.18,0,7,1,7.44,0,1
TOL,120104,40519,41.753777,-0.891995,11.45,324.60,298.70,716.25,32.51,932.65,32.50,197.75,35.69,-10.75,-45.12,6.31,17.00,-0.56,-8.39,-6.60,0,8,1,7.42,0,1
TOL,120105,40519,41.753864,-0.892132,12.50,318.99,298.60,743.98,32.52,929.54,32.50,215.12,26.06,38.50,-58.56,24.38,-10.25,4.68,-6.39,-4.99,0,8,1,7.42,0,1
TOL,120106,40519,41.754005,-0.892028,12.93,331.28,298.90,761.97,32.53,927.53,32.51,231.81,16.50,91.69,-88.19,-2.19,7.94,8.37,-0.42,-3.39,0,7,1,7.42,0,1
TOL,120107,40519,41.754093,-0.892133,12.94,318.99,299.00,772.80,32.54,926.31,32.52,35.38,2.06,150.00,-64.94,-19.31,3.62,2.97,7.51,-1.02,0,8,1,7.42,0,1
TOL,120108,40519,41.754189,-0.892083,13.27,313.94,299.20,773.84,32.55,926.20,32.56,31.81,-15.81,-158.69,-52.25,-25.50,-10.75,-2.58,9.94,2.20,0,8,1,7.42,0,1
TOL,120109,40519,41.754257,-0.891977,13.27,313.94,299.90,699.37,32.56,934.55,32.79,236.88,-17.75,-96.94,-97.44,-33.75,-29.69,-11.13,2.53,-1.09,0,8,1,7.42,0,1
TOL,120110,40519,41.754387,-0.891215,11.71,314.68,300.60,758.45,31.08,927.92,28.45,185.62,-34.56,-170.19,-731.25,-385.94,788.19,6.53,7.56,2.33,0,8,1,7.41,0,1
TOL,120111,40519,41.754463,-0.891303,11.72,314.61,300.70,754.07,30.18,928.41,25.43,317.69,36.88,-103.50,338.44,129.19,-77.06,-7.46,5.57,6.30,0,8,1,7.40,0,1
TOL,120112,40519,41.754536,-0.891398,11.72,314.92,300.70,751.87,30.10,928.66,24.11,242.88,24.38,-152.50,21.50,-31.88,125.06,-5.50,-1.19,8.05,0,9,1,7.41,0,1
TOL,120113,40519,41.754612,-0.891507,11.73,314.88,300.70,750.69,29.94,928.79,23.28,231.31,52.75,-179.31,150.31,-66.31,116.50,-2.67,5.27,-0.20,0,9,1,7.41,0,1
TOL,120114,40519,41.754681,-0.891622,11.73,314.88,300.80,749.97,29.56,928.87,22.79,222.81,19.44,165.69,-77.69,-59.12,-22.06,1.24,1.44,8.28,0,7,1,7.40,0,1
TOL,120115,40519,41.754753,-0.891732,11.73,314.88,300.80,750.36,29.26,928.83,22.55,274.38,47.12,-176.00,58.56,141.75,85.06,0.21,9.36,-0.22,0,6,1,7.41,0,1
TOL,120116,40519,41.754810,-0.891843,11.76,314.24,300.80,749.76,28.48,928.89,22.34,198.38,38.38,153.31,109.88,74.81,-25.69,2.25,4.71,1.49,0,5,1,7.41,0,1
TOL,120117,40519,41.754868,-0.891963,11.76,314.24,300.90,749.07,28.20,928.97,22.37,86.94,53.12,89.06,-77.94,-7.06,-40.50,4.83,-4.78,3.42,0,5,1,7.40,0,1
TOL,120118,40519,41.754868,-0.891963,11.76,314.24,300.90,746.94,27.98,929.21,22.38,148.00,39.94,148.25,47.00,-45.56,-50.56,2.63,4.34,3.09,0,3,1,7.41,0,1
TOL,120119,40519,41.754868,-0.891963,11.76,314.24,300.90,745.50,27.90,929.37,22.41,114.44,35.06,124.00,-13.56,85.12,-19.69,5.36,0.91,3.98,0,3,1,7.40,0,1
TOL,120120,40519,41.754868,-0.891963,11.76,314.24,300.90,742.38,27.69,929.72,22.40,89.44,56.75,5.94,158.62,-48.75,15.38,-0.97,-8.43,0.54,0,5,1,7.40,0,1
TOL,120121,40519,41.754868,-0.891963,11.76,314.24,300.90,738.76,27.41,930.12,22.48,76.00,39.75,43.56,6.56,-19.38,28.38,3.99,-6.76,2.47,0,6,1,7.39,0,1
TOL,120122,40519,41.754868,-0.891963,11.76,314.24,300.90,734.66,27.17,930.58,22.58,48.75,53.12,-53.62,-21.25,31.81,-9.56,-4.53,-6.75,1.74,0,7,1,7.40,0,1
TOL,120123,40519,41.754868,-0.891963,11.76,314.24,300.90,730.65,26.98,931.03,22.67,33.12,51.94,-82.00,56.56,-173.69,-9.81,-6.48,-6.28,4.53,0,7,1,7.40,0,1
TOL,120124,40519,41.754868,-0.891963,11.76,314.24,300.90,728.65,26.71,931.26,22.79,351.81,67.69,-49.00,94.06,62.44,74.31,-3.96,-2.22,-0.55,0,7,1,7.40,0,1
TOL,120125,40519,41.755039,-0.896983,14.54,293.26,305.00,725.70,26.59,931.59,22.86,201.19,54.38,175.06,59.50,40.38,3.75,-0.23,1.31,2.03,0,7,1,7.39,0,1
TOL,120126,40519,41.755058,-0.897092,14.27,292.17,305.00,723.01,26.53,931.89,22.91,197.00,42.31,162.88,70.19,-127.19,9.12,0.24,1.44,3.65,0,7,1,7.39,0,1
TOL,120127,40519,41.755047,-0.897143,14.14,291.96,305.00,720.17,26.38,932.21,23.03,223.69,39.06,159.38,-48.12,-68.81,-28.69,1.12,3.35,3.29,0,7,1,7.40,0,1
TOL,120128,40519,41.754978,-0.897177,14.01,291.78,305.00,718.43,26.34,932.41,23.08,238.81,32.75,171.06,-36.19,-94.00,-48.44,1.26,3.46,5.11,0,7,1,7.41,0,1
TOL,120129,40519,41.754932,-0.897197,14.01,291.78,305.00,716.41,26.33,932.63,23.08,250.62,30.50,-177.06,-49.06,3.75,12.69,-0.94,5.30,5.69,0,7,1,7.40,0,1
TOL,120130,40519,41.754902,-0.897187,14.01,291.78,305.10,714.36,26.17,932.86,23.13,258.75,24.81,-172.50,-36.06,-39.00,-18.19,-1.15,6.31,3.86,0,7,1,7.40,0,1
TOL,120130,40519,41.754902,-0.897187,13.69,292.17,305.10,712.54,26.11,933.07,23.17,252.94,49.69,-179.50,94.94,-43.19,21.69,0.03,2.92,3.10,0,7,1,7.40,0,1
TOL,120131,40519,41.754902,-0.897240,13.69,292.17,305.10,710.53,25.98,933.29,23.24,185.19,39.88,155.94,-19.06,11.19,28.94,1.16,3.54,2.69,0,7,1,7.39,0,1
TOL,120132,40519,41.754929,-0.897345,13.69,292.17,305.10,708.59,25.90,933.51,23.28,156.38,45.19,142.50,55.00,-17.56,-33.00,3.68,2.08,1.86,0,6,1,7.39,0,1
TOL,120133,40519,41.754971,-0.897453,13.69,292.17,305.10,707.32,25.85,933.66,23.33,123.12,45.81,124.00,-8.94,-24.50,-8.25,4.44,0.46,2.90,0,6,1,7.41,0,1
TOL,120134,40519,41.755016,-0.897558,13.58,293.73,305.10,705.79,25.67,933.83,23.43,122.75,50.44,87.06,28.69,-63.62,-82.88,6.09,-2.70,1.98,0,6,1,7.40,0,1
TOL,120135,40519,41.755085,-0.897677,13.57,294.94,305.10,704.76,25.52,933.94,23.52,173.44,41.12,159.00,-113.31,71.50,82.31,1.10,5.36,1.88,0,6,1,7.39,0,1
TOL,120136,40519,41.755157,-0.897785,13.55,296.47,305.20,703.76,25.44,934.06,23.59,123.00,40.31,141.56,52.81,-86.62,-42.75,5.12,0.46,3.93,0,6,1,7.40,0,1
TOL,120137,40519,41.755241,-0.897903,13.46,297.48,305.20,702.73,25.34,934.17,23.68,260.44,36.12,-172.31,5.62,36.38,15.81,-2.11,5.40,3.56,0,6,1,7.41,0,1
TOL,120138,40519,41.755314,-0.898022,13.37,298.21,305.30,700.99,25.18,934.37,23.77,113.75,54.50,113.88,33.62,34.25,-81.69,3.21,-3.70,0.90,0,6,1,7.40,0,1
TOL,120139,40519,41.755424,-0.898107,13.36,301.00,305.30,698.93,25.08,934.60,23.87,113.31,56.88,87.94,114.00,-1.88,12.31,3.19,-5.52,3.04,0,6,1,7.40,0,1
TOL,120140,40519,41.755569,-0.898132,13.37,309.27,305.30,696.62,24.92,934.86,24.00,81.56,56.12,21.06,85.81,135.62,10.75,2.35,-8.77,1.94,0,6,1,7.39,0,1
TOL,120141,40519,41.755646,-0.898215,13.32,310.23,305.40,694.57,24.81,935.09,24.09,49.25,45.25,-28.88,77.44,11.19,-53.44,-3.88,-8.73,2.99,0,8,1,7.39,0,1
TOL,120142,40519,41.755711,-0.898300,13.15,310.69,305.40,692.39,24.68,935.34,24.23,21.38,60.88,-94.25,-15.50,-54.00,-15.19,-5.90,-3.71,1.77,0,8,1,7.39,0,1
TOL,120143,40519,41.755787,-0.898385,13.15,310.69,305.50,690.17,24.61,935.59,24.34,25.38,66.69,-93.75,15.25,30.38,12.94,-4.62,-1.63,1.05,0,8,1,7.40,0,1
TOL,120144,40519,41.755863,-0.898468,13.05,311.12,305.50,688.68,24.54,935.75,24.42,331.94,60.50,-123.31,137.12,-124.75,19.50,-5.00,-1.13,1.97,0,7,1,7.40,0,1
TOL,120145,40519,41.755959,-0.898535,13.05,311.12,305.50,686.70,24.51,935.98,24.48,201.00,67.00,167.94,80.88,11.94,3.12,-1.19,1.17,0.43,0,7,1,7.39,0,1
TOL,120146,40519,41.756042,-0.898603,12.92,313.07,305.60,682.73,24.25,936.42,24.76,70.38,65.25,-32.69,-46.06,-35.25,64.25,-3.40,-6.79,0.85,0,7,1,7.39,0,1
TOL,120147,40519,41.756130,-0.898660,12.92,313.07,305.60,681.69,24.03,936.54,24.90,53.50,64.44,-82.25,-7.50,-88.56,-117.31,-1.99,-6.67,2.65,0,8,1,7.40,0,1
TOL,120148,40519,41.756130,-0.898660,12.92,313.07,305.60,681.36,23.91,936.58,25.03,65.06,53.19,68.75,19.62,-0.44,-21.44,2.43,-4.77,0.62,0,8,1,7.40,0,1
TOL,120149,40519,41.756233,-0.898693,12.48,318.11,305.60,681.25,23.74,936.59,25.20,19.25,50.69,-94.31,158.25,98.88,79.19,-4.93,-2.48,1.93,0,8,1,7.40,0,1
TOL,120150,40519,41.754242,-0.894178,8.57,324.74,317.50,679.40,23.74,936.80,25.31,3.56,72.00,-108.31,2.31,-39.38,-46.25,-6.13,-2.71,0.07,0,8,1,7.39,0,1
TOL,120151,40519,41.752819,-0.891790,6.83,328.50,317.50,677.97,23.65,936.96,25.40,30.50,56.56,-119.88,-24.38,-7.00,14.56,-4.37,-0.98,1.00,0,8,1,7.39,0,1
TOL,120152,40519,41.752579,-0.891413,6.46,331.35,548.20,676.85,23.57,937.09,25.53,43.31,87.06,-2.56,-37.88,93.56,-25.75,-4.33,-2.79,-0.28,0,8,1,7.39,0,1
TOL,120153,40519,41.752480,-0.891230,6.43,333.23,563.00,676.04,23.41,937.18,25.61,10.75,53.19,-136.62,1.12,-114.69,-49.94,-3.90,-1.42,2.41,0,8,1,7.39,0,1
TOL,120154,40519,41.752422,-0.891102,6.19,334.10,575.60,674.63,23.27,937.34,25.74,57.62,62.25,29.50,-16.62,79.00,-34.31,-0.72,-7.56,0.50,0,8,1,7.39,0,1
TOL,120155,40519,41.752365,-0.890978,5.97,336.18,583.30,674.15,23.10,937.39,25.89,19.19,61.81,-144.56,-96.50,-61.06,25.44,-2.62,-2.36,3.26,0,8,1,7.39,0,1
TOL,120156,40519,41.752331,-0.890835,5.59,338.30,593.50,673.21,23.06,937.50,26.00,52.56,77.94,-63.31,-26.56,-52.94,-107.94,-2.10,-3.37,-0.62,0,8,1,7.40,0,1
TOL,120157,40519,41.752281,-0.890742,5.13,339.58,597.30,671.58,23.08,937.68,26.07,49.81,55.44,-5.94,-34.44,24.88,60.31,-1.31,-6.77,-1.80,0,8,1,7.39,0,1
TOL,120158,40519,41.752213,-0.890663,4.40,344.25,596.80,668.70,22.92,938.01,26.17,324.50,54.75,-116.88,89.06,-31.88,-64.38,-4.94,0.49,2.56,0,8,1,7.39,0,1
TOL,120159,40519,41.752174,-0.890578,4.40,344.25,602.30,666.58,22.81,938.25,26.30,96.81,64.12,-99.12,-140.31,-64.31,163.62,-5.71,-3.53,0.94,0,8,1,7.40,0,1
TOL,120200,40519,41.752144,-0.890498,3.29,355.55,603.20,663.65,22.67,938.58,26.45,10.38,61.94,-58.94,243.94,19.88,-8.56,-5.15,-6.82,3.45,0,8,1,7.39,0,1
TOL,120201,40519,41.752117,-0.890440,2.86,0.81,608.40,668.75,22.64,938.00,26.41,284.25,77.81,-106.88,54.25,-37.44,30.56,-2.11,-2.05,-1.05,0,8,1,7.39,0,1
TOL,120202,40519,41.752098,-0.890352,2.86,0.81,614.00,660.62,22.66,938.92,26.51,212.38,70.94,149.44,-66.12,-7.50,43.25,0.91,-1.08,1.35,0,8,1,7.41,0,1
TOL,120203,40519,41.752045,-0.890203,2.86,0.81,617.60,656.05,22.42,939.44,26.68,124.38,56.06,100.25,-73.50,-117.75,-83.00,2.37,-2.89,3.67,0,8,1,7.40,0,1
TOL,120204,40519,41.752022,-0.890098,2.63,47.37,617.60,654.96,22.26,939.56,26.84,102.88,63.06,110.81,-36.25,-8.75,96.81,2.89,-3.00,0.40,0,8,1,7.41,0,1
TOL,120205,40519,41.751926,-0.889898,3.52,72.26,617.60,654.31,22.14,939.63,27.00,217.56,42.25,166.19,5.94,63.88,87.25,-0.38,3.95,3.53,0,8,1,7.39,0,1
TOL,120206,40519,41.751816,-0.889680,4.76,82.69,616.90,653.15,22.13,939.76,27.14,123.50,55.00,90.81,106.94,41.44,-49.75,4.50,-2.11,1.38,0,8,1,7.40,0,1
TOL,120207,40519,41.751812,-0.889587,5.36,72.27,619.10,652.47,22.03,939.84,27.28,114.12,59.69,79.31,-8.19,-79.44,-11.31,3.74,-3.47,1.40,0,8,1,7.40,0,1
TOL,120208,40519,41.751759,-0.889432,7.39,75.41,619.30,652.08,21.96,939.88,27.41,134.06,48.12,138.94,-96.88,35.94,27.25,3.20,1.32,3.46,0,8,1,7.39,0,1
TOL,120209,40519,41.751720,-0.889287,7.95,74.66,619.20,651.12,21.96,939.99,27.47,132.19,58.19,131.44,41.12,-96.50,14.69,3.28,0.68,1.18,0,8,1,7.40,0,1
TOL,120210,40519,41.751671,-0.889150,8.23,75.89,620.40,651.59,21.94,939.94,27.49,219.69,41.94,179.38,-11.75,97.94,-43.25,0.92,7.02,1.18,0,9,1,7.40,0,1
TOL,120211,40519,41.751663,-0.889035,8.24,77.23,622.30,650.69,21.95,940.04,27.55,240.62,47.75,178.75,-1.94,94.50,63.62,-1.25,4.30,0.88,0,9,1,7.39,0,1
TOL,120212,40519,41.751652,-0.888905,9.48,78.91,624.00,649.99,21.87,940.12,27.61,152.62,61.12,139.31,82.00,-4.69,-32.12,1.73,-1.55,0.98,0,9,1,7.39,0,1
TOL,120213,40519,41.751614,-0.888750,10.41,85.61,626.10,649.20,21.77,940.21,27.69,149.88,65.44,126.50,3.00,-25.81,-9.50,2.23,-2.17,1.59,0,9,1,7.39,0,1
TOL,120214,40519,41.751579,-0.888610,10.41,85.61,628.10,648.55,21.73,940.28,27.73,82.31,50.56,-24.62,169.38,-65.12,12.38,-3.45,-8.17,2.08,0,9,1,7.40,0,1
TOL,120215,40519,41.751537,-0.888492,10.41,85.61,629.30,647.01,21.60,940.46,27.86,128.81,65.69,140.31,-118.75,44.88,66.31,1.61,0.92,-0.57,0,9,1,7.38,0,1
TOL,120216,40519,41.751476,-0.888397,10.41,85.61,630.90,645.87,21.50,940.59,27.97,74.19,69.25,123.31,85.44,-44.62,11.75,3.16,-3.62,1.62,0,9,1,7.40,0,1
TOL,120217,40519,41.751476,-0.888397,7.74,117.85,630.90,643.03,21.44,940.91,28.17,101.12,58.75,128.50,-67.00,61.81,17.69,3.05,-0.58,0.96,0,9,1,7.40,0,1
TOL,120218,40519,41.751476,-0.888397,7.74,117.85,630.90,642.06,21.34,941.02,28.29,98.19,68.06,54.75,99.19,-147.44,-30.06,2.78,-5.70,-0.60,0,9,1,7.40,0,1
TOL,120219,40519,41.751289,-0.888148,8.42,122.91,630.90,640.92,21.31,941.15,28.38,92.81,49.19,58.88,64.56,90.56,15.31,4.57,-3.47,1.77,0,9,1,7.38,0,1
TOL,120220,40519,41.751244,-0.888058,8.44,121.45,630.90,639.79,21.13,941.28,28.52,35.56,67.81,-87.31,0.69,46.19,6.06,-3.44,-4.20,0.00,0,9,1,7.40,0,1
TOL,120221,40519,41.751186,-0.887967,9.06,126.13,633.50,638.18,21.11,941.46,28.62,53.44,75.00,53.25,84.00,2.62,67.38,0.42,-2.07,-2.16,0,9,1,7.39,0,1
TOL,120222,40519,41.751129,-0.887877,9.41,129.96,633.60,636.13,21.07,941.69,28.69,21.38,77.94,0.06,25.62,88.19,13.69,-3.65,-7.74,-0.71,0,9,1,7.39,0,1
TOL,120223,40519,41.751041,-0.887770,11.25,134.85,633.50,633.00,21.05,942.04,28.76,8.62,81.38,-93.94,-40.88,49.88,-56.88,-1.69,-2.89,-0.09,0,9,1,7.40,0,1
TOL,120224,40519,41.750896,-0.887650,12.77,137.62,631.50,630.51,21.06,942.33,28.82,335.00,74.56,-50.38,89.38,61.81,-46.62,-3.84,-4.55,0.49,0,9,1,7.39,0,1
TOL,120225,40519,41.750740,-0.887507,14.04,135.85,628.10,628.06,21.03,942.60,28.90,340.81,62.69,-148.00,-81.44,-2.06,66.44,-2.83,0.23,2.45,0,9,1,7.40,0,1
TOL,120226,40519,41.750645,-0.887373,14.42,133.54,628.20,625.61,20.98,942.88,28.93,15.50,50.75,-166.19,16.56,-21.81,51.50,-2.48,3.42,1.89,0,9,1,7.40,0,1
TOL,120227,40519,41.750557,-0.887233,14.71,129.92,628.40,622.84,20.90,943.20,28.95,99.94,84.88,-179.19,14.56,17.31,-32.69,-1.75,-1.75,0.91,0,9,1,7.39,0,1
TOL,120228,40519,41.750473,-0.887093,14.45,131.95,628.60,620.51,20.87,943.46,28.99,67.88,77.06,144.62,-96.50,7.69,-29.56,0.83,-1.21,0.09,0,9,1,7.40,0,1
TOL,120229,40519,41.750378,-0.886965,14.45,131.95,628.70,618.19,20.83,943.72,29.06,113.69,44.00,108.50,-96.31,-9.06,86.50,2.79,-0.09,2.72,2,9,1,6.65,0,1
TOL,120231,40519,41.750217,-0.886748,14.45,131.95,628.70,613.36,20.59,944.27,29.25,342.94,50.31,70.06,-277.06,-72.50,161.25,2.59,-6.05,2.06,2,9,1,6.67,0,1
TOL,120232,40519,41.750217,-0.886748,14.45,131.95,628.70,611.28,19.64,944.51,29.99,146.31,48.44,119.56,-280.00,243.69,123.38,1.25,-1.59,3.48,2,9,1,7.31,0,1
TOL,120234,40519,41.749973,-0.886440,12.70,136.51,629.40,607.32,19.06,944.96,30.75,245.19,30.62,146.81,-346.81,46.62,192.00,1.42,1.16,4.36,2,9,1,6.64,0,1
TOL,120235,40519,41.749893,-0.886362,12.38,137.94,629.70,605.37,18.85,945.18,31.13,258.62,38.81,158.56,-376.00,66.25,219.06,-0.96,0.11,4.37,2,9,1,6.65,0,1
TOL,120236,40519,41.749786,-0.886288,12.42,141.03,629.00,604.74,18.50,945.25,31.51,224.12,53.44,160.62,-184.06,31.81,147.31,-0.83,0.85,2.75,2,8,1,7.24,0,1
TOL,120237,40519,41.749683,-0.886205,12.68,142.62,628.10,605.02,18.21,945.22,31.98,50.94,52.81,67.88,-129.00,17.56,79.12,2.33,-5.53,2.62,2,9,1,7.28,0,1
TOL,120238,40519,41.749565,-0.886128,12.95,144.18,628.00,605.71,18.35,945.14,32.26,31.44,43.38,51.31,153.25,-13.88,-26.56,3.48,-7.05,1.25,2,9,1,7.28,0,1
TOL,120239,40519,41.749432,-0.885993,12.95,144.18,627.60,604.89,18.18,945.23,32.54,314.81,59.31,-158.88,128.69,-26.00,-65.62,-4.44,1.64,-0.85,2,9,1,7.27,0,1
TOL,120240,40519,41.749321,-0.885890,13.87,144.58,627.40,603.81,17.77,945.36,32.88,238.50,41.94,179.25,-24.94,92.31,-67.44,-3.26,2.00,1.54,2,9,1,6.64,0,1
TOL,120241,40519,41.749187,-0.885803,13.87,144.58,616.40,605.41,17.40,945.17,33.36,299.25,68.12,-161.50,-62.06,-62.25,46.06,-4.24,0.06,0.03,2,9,1,6.67,0,1
TOL,120242,40519,41.749031,-0.885682,13.96,145.83,606.90,604.74,17.28,945.25,33.71,323.00,53.00,-129.50,145.44,-22.06,149.38,-7.51,-0.78,0.61,2,9,1,7.20,0,1
TOL,120243,40519,41.748901,-0.885565,14.57,145.78,598.10,602.33,17.06,945.55,34.10,181.12,77.38,173.25,35.81,-84.81,-71.00,-2.98,-4.08,2.98,2,9,1,6.62,0,1
TOL,120243,40519,41.748901,-0.885565,14.57,145.78,598.10,601.17,16.74,945.66,34.48,108.69,76.75,-99.25,144.38,54.50,32.94,-3.84,-4.29,-0.29,2,9,1,6.60,0,1
TOL,120244,40519,41.748775,-0.885455,14.78,144.59,590.00,599.67,16.48,945.83,34.92,55.69,67.00,106.94,26.56,88.00,132.94,1.54,-4.28,-0.18,2,9,1,6.60,0,1
TOL,120245,40519,41.748775,-0.885455,14.78,144.59,590.00,601.17,16.29,945.66,35.35,106.56,34.38,129.75,-60.69,18.19,-6.06,1.73,-0.79,3.27,2,9,1,6.63,0,1
TOL,120246,40519,41.748775,-0.885455,14.78,144.59,590.00,601.13,16.46,945.66,35.49,97.81,47.25,85.75,74.31,-95.69,60.00,4.97,-3.31,2.16,2,9,1,6.64,0,1
TOL,120247,40519,41.748390,-0.885195,14.56,147.49,568.40,599.76,16.42,945.82,35.53,45.31,75.94,98.81,71.50,-25.19,-54.62,0.01,-4.32,-0.79,2,9,1,7.16,0,1
TOL,120248,40519,41.748260,-0.885117,14.57,148.96,568.40,599.71,16.04,945.82,35.90,340.75,68.00,177.69,25.44,15.56,-43.69,-2.04,-0.05,-1.17,2,9,1,6.62,0,1
TOL,120249,40519,41.748131,-0.885037,14.67,150.13,556.30,598.93,15.81,945.91,36.15,5.81,75.31,-82.38,-14.44,5.88,21.56,-4.44,-3.90,-0.51,2,9,1,7.20,0,1
TOL,120250,40519,41.747997,-0.884962,14.76,151.38,550.70,597.79,15.68,946.04,36.44,336.88,80.25,-173.06,38.50,29.31,-36.19,-2.22,-2.26,0.52,2,9,1,6.62,0,1
TOL,120251,40519,41.747860,-0.884887,14.88,152.52,545.50,596.00,15.50,946.24,36.77,287.94,82.69,-179.50,45.44,38.31,-68.94,-2.09,-2.84,-0.54,2,9,1,7.14,0,1
TOL,120252,40519,41.747726,-0.884833,14.85,154.18,540.60,595.72,15.42,946.27,37.17,205.12,87.12,2.00,111.06,53.94,-9.69,-1.26,-4.47,0.70,2,8,1,7.18,0,1
TOL,120253,40519,41.747597,-0.884800,14.76,156.61,536.00,594.77,15.37,946.38,37.57,133.44,56.75,133.56,2.06,16.75,-31.12,2.75,-0.46,0.32,2,7,1,6.62,0,1
TOL,120254,40519,41.747456,-0.884760,14.80,158.41,530.90,595.64,15.24,946.28,37.84,149.44,75.56,113.06,-45.00,-102.50,19.12,-1.28,-5.47,2.54,2,7,1,7.17,0,1
TOL,120255,40519,41.747326,-0.884700,14.70,158.41,526.00,595.09,15.10,946.35,38.17,131.19,79.81,88.69,-46.62,-46.81,-77.62,-0.01,-4.56,-1.00,2,8,1,6.60,0,1
TOL,120256,40519,41.747204,-0.884653,14.43,158.67,521.60,594.54,15.02,946.41,38.47,87.12,69.69,133.94,53.69,55.56,-78.12,0.49,-2.48,-0.02,2,7,1,7.21,0,1
TOL,120257,40519,41.747051,-0.884583,14.79,159.52,515.90,594.58,14.94,946.40,38.69,79.69,67.12,-89.25,66.81,53.50,-73.19,-5.35,-3.98,0.29,2,8,1,6.61,0,1
TOL,120258,40519,41.746910,-0.884530,14.81,160.26,510.80,594.18,14.83,946.45,38.94,355.75,62.00,159.62,-9.00,-1.12,30.81,0.08,0.04,0.30,2,8,1,6.62,0,1
TOL,120259,40519,41.746777,-0.884485,14.81,160.26,505.90,595.27,14.74,946.33,39.16,49.88,82.88,-21.81,27.69,26.56,116.50,-2.77,-3.53,-1.05,2,8,1,6.65,0,1
TOL,120300,40519,41.746777,-0.884485,14.81,160.26,505.90,594.95,14.88,946.36,39.32,28.81,74.12,84.81,-28.12,-69.31,-14.38,0.38,-4.90,0.40,2,9,1,6.64,0,1
TOL,120301,40519,41.746777,-0.884485,14.81,160.26,505.90,595.43,14.99,946.31,39.31,342.94,78.50,83.25,72.50,-9.56,-33.06,-1.94,-5.83,1.72,2,8,1,7.20,0,1
TOL,120302,40519,41.746777,-0.884485,14.81,160.26,505.90,595.45,15.12,946.31,39.25,279.69,76.31,171.12,8.94,-87.38,-31.56,-0.83,-1.85,0.89,2,9,1,6.60,0,1
TOL,120303,40519,41.746777,-0.884485,14.81,160.26,505.90,594.75,14.99,946.39,39.31,222.38,75.25,158.62,13.38,-3.94,-65.31,0.61,-1.29,-1.46,2,9,1,7.19,0,1
TOL,120304,40519,41.746777,-0.884485,14.81,160.26,505.90,595.49,14.85,946.30,39.45,177.75,80.44,140.75,127.75,56.56,52.06,0.52,-2.98,-0.61,2,9,1,7.13,0,1
TOL,120305,40519,41.746777,-0.884485,14.81,160.26,505.90,594.64,14.72,946.40,39.64,140.12,77.44,142.94,17.19,-19.00,-35.62,0.31,-2.54,-0.67,2,8,1,6.61,0,1
TOL,120306,40519,41.746777,-0.884485,14.81,160.26,505.90,594.62,14.61,946.40,39.87,92.50,59.00,121.31,-7.69,44.31,9.31,2.12,-0.45,-0.30,2,7,1,7.18,0,1
TOL,120307,40519,41.746777,-0.884485,14.81,160.26,505.90,595.74,14.53,946.27,40.05,148.88,71.62,90.69,-41.75,-16.19,19.19,1.17,-3.67,-0.65,2,9,1,6.62,0,1
TOL,120308,40519,41.746777,-0.884485,14.81,160.26,505.90,595.53,14.60,946.30,40.15,155.50,64.88,130.12,34.62,23.75,-15.38,1.55,-0.90,-1.21,2,9,1,7.16,0,1
TOL,120309,40519,41.746777,-0.884485,14.81,160.26,505.90,594.40,14.66,946.43,40.15,126.25,71.00,60.38,108.50,20.25,67.81,2.78,-3.11,-0.54,2,9,1,6.61,0,1
TOL,120310,40519,41.746777,-0.884485,14.81,160.26,505.90,592.75,14.66,946.61,40.13,88.69,57.88,132.12,32.31,9.50,-28.31,1.63,-0.48,0.46,2,9,1,7.16,0,1
TOL,120311,40519,41.746777,-0.884485,14.81,160.26,505.90,591.47,14.63,946.76,40.14,60.38,77.88,79.62,23.56,-43.31,-19.69,-0.24,-4.55,-1.45,2,9,1,6.58,0,1
TOL,120312,40519,41.746777,-0.884485,14.81,160.26,505.90,587.60,14.62,947.20,40.18,38.88,63.94,170.31,-2.12,-7.69,-50.25,-2.37,-1.81,1.56,2,9,1,7.16,0,1
TOL,120313,40519,41.746777,-0.884485,14.81,160.26,505.90,586.66,14.56,947.31,40.32,329.00,76.88,57.69,45.00,-10.62,26.06,-1.32,-3.57,0.98,2,9,1,6.62,0,1
TOL,120314,40519,41.746777,-0.884485,14.81,160.26,505.90,594.17,14.76,946.45,40.24,205.56,56.62,17.31,50.56,-118.44,-66.31,-2.17,-7.67,1.25,2,9,1,7.14,0,1
TOL,120315,40519,41.746777,-0.884485,14.81,160.26,505.90,579.83,14.81,948.08,40.21,58.44,72.19,134.56,159.06,5.56,7.50,1.06,-3.99,3.03,2,9,1,6.60,0,1
TOL,120316,40519,41.746777,-0.884485,14.81,160.26,505.90,578.42,14.58,948.24,40.33,57.06,67.06,-119.94,29.62,11.44,17.06,-4.58,-1.53,-0.80,2,9,1,7.16,0,1
TOL,120317,40519,41.746777,-0.884485,14.81,160.26,505.90,577.20,14.41,948.38,40.68,329.94,82.81,39.06,-3.88,-77.38,31.25,-2.44,-4.93,-0.79,2,9,1,6.60,0,1
TOL,120318,40519,41.746777,-0.884485,14.81,160.26,505.90,575.82,14.56,948.54,40.67,312.75,86.38,179.38,51.38,41.50,-12.12,-0.24,-3.56,-1.28,2,9,1,7.10,0,1
TOL,120319,40519,41.746777,-0.884485,14.81,160.26,505.90,573.42,14.61,948.81,40.64,268.94,54.06,161.06,80.44,-66.62,116.56,-0.89,2.19,0.65,2,9,1,6.61,0,1
TOL,120320,40519,41.746777,-0.884485,14.81,160.26,505.90,570.41,14.45,949.16,40.70,240.19,53.56,163.38,12.38,-88.56,43.94,-1.11,-1.27,1.90,2,9,1,7.14,0,1
TOL,120321,40519,41.746777,-0.884485,14.81,160.26,505.90,567.79,14.35,949.46,40.86,241.44,61.81,176.00,22.25,8.44,47.62,-1.42,-0.64,-0.41,2,9,1,6.59,0,1
TOL,120322,40519,41.746777,-0.884485,14.81,160.26,505.90,565.72,14.33,949.69,41.01,232.00,85.31,176.38,100.44,58.56,101.50,0.31,-2.46,-1.91,2,9,1,7.15,0,1
TOL,120323,40519,41.746777,-0.884485,14.81,160.26,505.90,562.43,14.45,950.07,41.09,128.12,56.19,49.50,127.75,-33.50,-75.75,2.20,-7.16,1.60,2,8,1,7.10,0,1
TOL,120324,40519,41.746777,-0.884485,14.81,160.26,505.90,556.53,14.46,950.74,41.13,12.31,66.06,146.25,116.75,4.25,24.56,0.63,-2.88,2.97,2,8,1,6.57,0,1
TOL,120325,40519,41.746777,-0.884485,14.81,160.26,505.90,553.86,14.36,951.04,41.24,68.94,57.94,-7.69,-100.38,42.94,40.81,-1.79,-8.61,-0.61,2,8,1,7.08,0,1
TOL,120326,40519,41.746777,-0.884485,14.81,160.26,505.90,549.61,14.42,951.46,41.28,15.38,80.50,41.56,146.75,-76.38,-77.81,0.71,-3.30,-0.28,2,9,1,6.59,0,1
TOL,120327,40519,41.746777,-0.884485,14.81,160.26,505.90,544.36,14.42,952.13,41.35,238.38,50.12,154.94,-30.00,-65.50,-111.94,0.00,2.29,3.18,2,9,1,7.10,0,1
TOL,120328,40519,41.746777,-0.884485,14.81,160.26,505.90,542.19,14.34,952.38,41.43,316.75,79.94,133.50,-63.69,138.75,47.94,-0.45,-1.82,-1.72,2,9,1,6.59,0,1
TOL,120329,40519,41.746777,-0.884485,14.81,160.26,505.90,540.58,14.51,952.56,41.40,303.25,70.00,96.62,129.94,-47.12,-143.19,-1.19,-4.60,0.66,2,9,1,7.03,0,1
TOL,120330,40519,41.746777,-0.884485,14.81,160.26,505.90,537.01,14.48,952.97,41.43,200.38,65.75,174.81,-33.06,-66.69,-62.81,-1.59,-0.97,-0.11,2,9,1,6.58,0,1
TOL,120331,40519,41.746777,-0.884485,14.81,160.26,505.90,536.05,14.45,953.08,41.50,183.56,59.81,139.38,-31.38,-12.81,23.25,-0.54,-0.37,1.99,2,9,1,7.14,0,1
TOL,120332,40519,41.746777,-0.884485,14.81,160.26,505.90,532.65,14.45,953.47,41.64,235.56,35.00,164.19,95.00,-20.25,133.06,-2.06,1.55,5.31,2,9,1,6.58,0,1
TOL,120333,40519,41.746777,-0.884485,14.81,160.26,505.90,529.52,14.38,953.83,41.71,217.19,56.06,159.25,-34.44,91.75,-76.00,1.26,-0.22,0.03,2,9,1,6.59,0,1
TOL,120334,40519,41.746777,-0.884485,14.81,160.26,505.90,527.37,14.35,954.07,41.75,226.62,60.81,149.12,18.19,36.44,-16.25,0.41,1.33,0.10,2,9,1,6.57,0,1
TOL,120335,40519,41.746777,-0.884485,14.81,160.26,505.90,525.82,14.41,954.25,41.74,186.38,60.31,120.69,93.62,27.06,33.06,0.41,-3.02,1.53,2,9,1,6.59,0,1
TOL,120336,40519,41.746777,-0.884485,14.81,160.26,505.90,523.16,14.45,954.55,41.72,152.50,53.88,106.69,-12.19,160.75,-240.00,3.41,-1.49,-0.31,2,9,1,7.13,0,1
TOL,120337,40519,41.746777,-0.884485,14.81,160.26,505.90,520.40,14.48,954.87,41.71,98.31,60.44,61.31,56.75,-144.38,1.19,1.04,-7.99,0.56,2,9,1,7.10,0,1
TOL,120338,40519,41.746777,-0.884485,14.81,160.26,505.90,514.57,14.48,955.54,41.71,26.06,69.88,-110.62,84.19,-10.75,-70.12,-4.10,-4.83,1.90,2,9,1,6.57,0,1
TOL,120339,40519,41.746777,-0.884485,14.81,160.26,505.90,510.27,14.39,956.03,41.78,284.19,61.75,-157.31,32.50,-121.88,25.25,-5.38,-2.61,4.47,2,9,1,7.11,0,1
TOL,120340,40519,41.746777,-0.884485,14.81,160.26,505.90,507.42,14.40,956.36,41.81,218.81,68.56,-139.50,57.12,11.38,-1.69,-3.98,-1.38,-0.92,2,9,1,6.76,0,1
TOL,120341,40519,41.746777,-0.884485,14.81,160.26,505.90,503.10,14.40,956.87,41.89,131.50,56.62,136.06,4.56,69.06,-37.75,2.71,-4.31,3.78,2,9,1,6.55,0,1
TOL,120342,40519,41.746777,-0.884485,14.81,160.26,505.90,501.23,14.35,957.07,41.94,148.44,64.62,89.00,-6.88,5.06,3.69,2.44,-1.01,-2.36,2,9,1,7.10,0,1
TOL,120343,40519,41.746777,-0.884485,14.81,160.26,505.90,496.73,14.41,957.58,41.96,142.12,62.94,91.06,0.69,-89.00,43.44,2.81,-4.78,1.86,2,9,1,7.08,0,1
TOL,120344,40519,41.746777,-0.884485,14.81,160.26,505.90,491.78,14.48,958.15,41.92,110.69,66.69,69.88,70.62,54.06,-45.25,3.13,-4.30,0.30,2,9,1,6.70,0,1
TOL,120345,40519,41.746777,-0.884485,14.81,160.26,505.90,487.95,14.50,958.59,41.93,76.88,77.06,42.44,34.75,-18.94,16.31,-0.30,-3.73,-1.37,2,9,1,6.57,0,1
TOL,120346,40519,41.746777,-0.884485,14.81,160.26,505.90,483.71,14.55,959.08,41.91,20.12,71.50,81.06,50.81,-36.94,21.75,2.78,-3.24,-0.40,2,9,1,6.57,0,1
TOL,120347,40519,41.746777,-0.884485,14.81,160.26,505.90,473.85,14.73,960.21,41.79,221.69,60.25,164.94,50.25,-59.25,-38.94,-0.77,-0.61,0.80,2,7,1,7.11,0,1
TOL,120348,40519,41.746777,-0.884485,14.81,160.26,505.90,465.55,14.66,961.17,41.80,193.50,49.88,168.88,-56.94,75.06,-87.94,-0.72,-1.71,3.79,2,8,1,7.09,0,1
TOL,120349,40519,41.746777,-0.884485,14.81,160.26,505.90,461.62,14.70,961.62,41.78,202.75,61.88,147.69,-124.62,-92.19,-5.12,2.08,0.28,3.29,2,9,1,6.58,0,1
TOL,120350,40519,41.746777,-0.884485,14.81,160.26,505.90,458.38,14.75,961.99,41.78,215.62,42.56,149.25,22.31,-28.56,38.94,0.63,2.33,2.09,2,9,1,7.10,0,1
TOL,120351,40519,41.746777,-0.884485,14.81,160.26,505.90,452.50,14.79,962.67,41.76,140.50,32.31,135.75,18.62,158.31,-227.31,2.95,-1.23,6.92,2,9,1,6.56,0,1
TOL,120352,40519,41.746376,-0.879535,14.73,188.96,234.30,449.25,14.73,963.05,41.74,143.75,73.12,-16.44,89.12,-22.88,51.50,-1.20,-4.11,-0.22,2,9,1,6.56,0,1
TOL,120353,40519,41.746109,-0.879377,14.58,184.13,274.00,444.69,14.68,963.57,41.79,86.69,65.19,-18.19,91.19,-8.94,89.19,-3.15,-7.23,-0.05,2,9,1,6.56,0,1
TOL,120354,40519,41.745918,-0.879208,12.02,189.29,309.60,439.18,14.67,964.21,41.83,46.19,77.25,154.50,14.38,-22.62,-14.94,-1.22,-2.71,-0.62,2,9,1,7.09,0,1
TOL,120355,40519,41.745777,-0.879118,13.28,188.94,329.60,433.93,14.65,964.82,41.88,34.38,77.50,-75.94,14.38,-11.19,8.50,-3.79,-4.31,0.09,2,9,1,7.10,0,1
TOL,120356,40519,41.745701,-0.879022,13.71,187.61,338.70,429.59,14.63,965.32,41.93,7.62,76.19,-46.12,78.44,24.50,50.38,-3.62,-5.03,-0.80,2,9,1,6.57,0,1
TOL,120357,40519,41.745663,-0.878995,14.21,189.58,348.10,424.19,14.71,965.94,41.92,325.44,63.69,164.50,58.69,15.25,25.62,-0.90,-0.42,0.99,2,9,1,6.54,0,1
TOL,120358,40519,41.745575,-0.878915,14.39,189.09,350.60,419.98,14.76,966.43,41.92,287.44,64.88,136.88,43.25,15.19,18.12,-0.50,-0.54,-0.47,2,9,1,6.56,0,1
TOL,120359,40519,41.745518,-0.878857,14.39,189.09,350.60,415.38,14.86,966.96,41.86,273.19,62.62,143.06,-18.56,-31.69,-42.56,0.36,-2.27,3.15,2,9,1,7.12,0,1
TOL,120400,40519,41.745419,-0.878795,14.04,190.94,352.90,410.90,14.92,967.48,41.79,220.44,57.00,133.31,2.88,-82.75,-24.19,1.66,-1.68,2.53,2,9,1,7.08,0,1
TOL,120401,40519,41.745354,-0.878800,12.92,187.80,358.00,406.91,14.93,967.92,41.74,173.31,61.12,57.56,57.00,-9.12,25.19,2.21,-5.44,-0.52,2,9,1,6.54,0,1
TOL,120402,40519,41.745350,-0.878753,10.06,183.34,365.40,403.07,15.01,968.39,41.67,117.94,43.56,145.06,49.94,-108.25,38.94,2.34,1.92,2.38,2,9,1,7.04,0,1
TOL,120403,40519,41.745350,-0.878753,10.06,183.34,365.40,396.52,15.00,969.14,41.67,147.25,76.12,136.19,-56.81,124.12,-40.50,-0.10,-0.54,-0.28,2,9,1,6.54,0,1
TOL,120404,40519,41.745213,-0.878647,10.06,183.34,368.60,392.61,15.06,969.60,41.66,185.81,58.62,111.44,35.00,28.88,75.50,3.06,-1.54,0.69,2,9,1,7.09,0,1
TOL,120405,40519,41.745216,-0.878503,10.06,183.34,372.80,382.19,15.22,970.81,41.61,88.19,63.75,132.50,-51.69,-72.00,74.19,2.32,0.72,-0.90,2,9,1,6.54,0,1
TOL,120406,40519,41.745216,-0.878503,10.06,183.34,372.80,378.51,15.30,971.23,41.58,152.81,79.00,98.25,-11.31,-51.75,152.19,0.69,-4.00,-0.67,2,9,1,6.55,0,1
TOL,120407,40519,41.745144,-0.878240,6.00,185.66,372.80,373.46,15.38,971.82,41.52,132.94,52.69,74.69,154.81,30.31,57.94,4.54,-3.09,-0.17,2,9,1,6.54,0,1
TOL,120408,40519,41.745110,-0.878128,5.04,190.96,372.80,368.10,15.45,972.44,41.46,40.19,75.88,-117.94,207.88,-55.25,58.81,-4.12,-2.34,-1.86,2,9,1,7.09,0,1
TOL,120409,40519,41.745068,-0.878092,6.49,203.98,372.80,360.17,15.58,973.37,41.38,269.06,55.75,166.81,21.00,26.75,3.19,-1.01,0.16,1.84,2,9,1,6.58,0,1
TOL,120410,40519,41.744987,-0.878015,8.59,200.09,376.50,356.52,15.68,973.79,41.29,358.50,78.75,96.88,-113.44,2.94,-1.62,0.13,-3.49,-0.74,2,9,1,7.08,0,1
TOL,120411,40519,41.744930,-0.877817,8.92,195.94,380.70,351.01,15.75,974.43,41.16,300.19,60.81,63.31,136.81,-160.62,-24.19,0.18,-8.97,5.75,2,9,1,6.54,0,1
TOL,120412,40519,41.744873,-0.877612,8.36,183.78,382.10,342.79,15.85,975.39,41.01,124.06,39.00,105.12,121.06,160.00,-119.06,6.02,-1.50,0.23,2,9,1,7.07,0,1
TOL,120413,40519,41.744804,-0.877432,8.66,172.28,382.10,336.65,15.90,976.11,40.88,244.31,62.81,128.31,-11.00,218.50,18.25,1.10,0.24,0.06,2,9,1,7.07,1,1
TOL,120414,40519,41.744804,-0.877432,8.66,172.28,382.10,331.74,16.05,976.68,40.74,245.94,42.06,104.31,206.12,-108.94,2.00,2.87,-5.73,5.92,2,9,1,6.72,1,1
TOL,120416,40519,41.744617,-0.876907,11.00,139.54,373.10,324.77,16.33,977.49,40.66,337.81,49.50,175.25,1004.00,-430.94,-1622.75,12.36,-10.55,-40.19,2,9,1,7.08,1,1
TOL,120417,40519,41.744564,-0.876790,10.49,141.46,364.40,323.75,16.75,977.61,41.12,306.62,41.94,76.06,2.88,5.56,0.06,-1.71,0.94,-4.41,2,9,1,7.03,1,1
TOL,120418,40519,41.744545,-0.876662,7.89,146.31,364.40,324.30,17.13,977.55,41.09,293.00,15.31,66.88,2.12,2.50,-2.88,0.31,-0.14,-0.38,2,9,1,6.56,1,1
TOL,120419,40519,41.744564,-0.876613,4.10,161.82,364.40,324.06,17.58,977.57,40.89,355.31,14.31,19.56,0.31,53.75,-174.44,0.06,-0.66,0.05,2,9,1,7.06,1,1
TOL,120420,40519,41.744572,-0.876562,1.11,195.75,353.70,323.69,17.90,977.62,40.45,106.44,-6.25,-59.00,-702.75,385.06,-195.56,-6.90,-8.46,-4.84,2,9,1,7.08,1,1
TOL,120421,40519,41.744553,-0.876568,0.84,195.75,350.60,324.33,18.07,977.54,40.00,43.50,-4.94,90.44,-14.12,-0.50,-3.94,0.70,0.00,-0.27,2,8,1,7.08,1,1